800
38843 304 30098
72878 112 50836
97231 842 23730
87025 506 24139
3650 27 1247
43100 64 7862
17778 164 16452
55403 35 18329
77016 56185 48740
7813 17 2862
47712 82 47637
8787 3977 7456
60903 45574 36912
75574 354 69971
10612 48 2970
26499 264 16411
16572 5 13848
81289 6 15168
19723 60 1703
35858 18 8307
9317 41 5222
59043 329 52356
17510 6322 13388
577 261 3
38197 312 16031
95129 664 81222
34638 218 25204
23637 2132 9152
52652 416 23634
48930 488 24679
35021 218 2932
36089 71 35456
72222 125 14802
90066 879 34578
97765 30946 68635
26429 179 14007
88253 865 368
1956 5 527
26777 15508 5083
33307 91 27211
40217 216 30976
71081 297 41107
13874 102 1491
78819 750 66399
86926 181 3175
7533 45 2723
83611 642 35796
61316 250 29562
10028 62 3097
49863 246 8412
76208 486 51760
52871 99 1758
77734 74070 11422
7683 3865 2040
7917 57 5705
38144 116 15413
61290 381 1367
44516 53 34923
65635 53988 1554
78328 463 25019
42921 10 20953
15637 134 6486
60429 30954 26084
84414 783 63758
24178 160 19234
2416 17 1311
36448 225 7996
7795 14 3864
87060 400 31637
98110 83128 81035
42611 28230 7659
82293 386 53933
83538 56437 11431
70718 23952 49490
32721 16548 29214
74881 358 71421
76938 514 22720
18720 91 8596
75667 14184 10337
51787 15481 20819
83682 621 22112
75161 726 7787
51909 26 33829
74027 1467 33736
1291 12 804
21692 150 4052
42968 50 23300
50693 411 20616
66265 586 38216
52950 24951 45412
1872 6 635
76124 314 46099
38371 9489 20897
51792 133 12234
2223 382 1524
15160 17 2204
13204 39 7531
48664 21 9545
93985 61 60267
3175 18 643
65389 353 42690
71534 6082 17829
21726 151 9591
54535 76 17313
51773 155 36473
93482 572 39610
17472 142 9682
34614 268 29288
73469 26481 69300
90248 887 27337
16597 12503 15942
65978 36119 22173
91245 739 60678
43891 19758 2950
35644 158 3978
5112 3937 2689
54119 104 6226
41928 6820 13060
50008 24917 7970
71765 223 16691
19707 196 12023
25650 12983 18677
61474 60537 29641
29394 75 9168
5295 53 2384
2265 2024 695
38646 352 20255
17041 74 3268
80267 276 10781
5620 2600 5324
81877 6274 7449
96498 847 46581
921 9 669
20793 25 16829
91228 51261 21476
13339 115 4427
8254 64 4180
20418 87 10857
77745 218 43795
32973 107 26522
22812 50 9182
55065 456 37139
47599 38856 16506
46355 364 33698
76773 203 44686
9449 74 8119
11733 79 630
24325 211 20342
48181 131 8470
47491 18521 20504
46905 21 44149
27329 135 12869
14922 68 12499
87198 488 81476
30409 155 16335
90671 44797 74029
94869 468 8128
15226 77 3893
56642 307 44573
46218 40301 10466
56674 28 31004
2595 19 1508
49391 190 41381
29652 23893 23562
99758 779 1897
36533 245 27925
92807 78 77082
9260 66 906
75471 475 49042
47720 39244 28452
5498 26 470
21099 170 20855
96264 447 73988
42493 40660 30713
75072 632 1447
6569 64 3189
87970 555 44979
31832 274 9742
25867 76 415
68385 450 14497
6563 5645 1441
21424 35 20162
31425 23741 330
95600 479 84041
47673 229 10070
45589 173 41876
85407 639 54487
62743 45572 5860
17158 16855 16970
60088 7925 10498
38987 263 31130
77582 274 2221
94417 119 31084
79468 426 75160
77821 18396 50590
29151 257 1082
29308 18406 2425
40588 2348 25881
6865 32 6276
88940 125 49682
66186 392 28283
51966 30558 20871
77123 281 74929
58887 51 9703
72775 229 51399
58992 24848 50163
98473 884 85961
65218 62183 57775
37902 16 37331
94745 93 1467
29118 250 18037
67391 535 15661
30814 181 19306
43605 2605 9890
21983 215 473
63706 23 13054
51719 414 13363
73145 333 50792
23618 165 21517
4385 1818 4155
39757 150 19031
95318 684 69052
99457 717 47639
63467 511 33010
58795 67 52150
80036 18092 49987
88396 200 84135
52087 140 42449
30063 9 9862
64614 292 335
79517 34212 14459
13948 124 11141
64586 28831 20225
84250 17744 11003
15418 2958 3417
46196 154 26518
72178 240 28234
25634 5320 6554
21986 185 9462
89361 620 56119
90114 19807 70348
70000 215 35501
29926 7045 18300
42653 262 10670
64577 47188 51320
38591 169 24059
73029 88 18909
99051 59317 64450
93982 651 62834
15224 96 480
51065 442 37619
38835 8 22193
16507 41 11900
89729 81650 88108
71360 56601 184
49910 39 23908
98723 11303 24454
83463 174 62661
57430 347 37098
14960 79 5822
10347 93 2282
81768 454 12686
78222 422 48712
71749 73 63573
41414 404 871
11883 40 7660
75696 449 7324
47785 30 1096
77625 75772 44071
87033 19752 28901
2226 1442 561
12292 85 3935
9594 2 8004
81807 30763 81421
32598 7123 11365
85057 223 74050
6682 45 1079
27291 125 25113
7114 4452 687
65293 140 16915
2258 7 1789
50191 410 13524
97845 943 35566
16814 74 1622
33960 193 17307
8 1 3
75790 73619 9157
57944 373 22630
21187 198 3656
51478 507 46227
74053 17449 53034
15091 132 9337
4123 1779 3847
64171 23 54552
7877 14 1055
72373 717 16646
91902 61 15095
9756 585 5436
11383 3 2051
65908 606 58643
8511 77 2945
78434 511 67047
18429 9384 9487
54956 477 19407
70974 99 50017
40913 146 9522
81102 75588 40504
12625 95 3659
66978 151 17642
88704 86 2254
27593 8 2435
16443 69 3303
5640 5 1084
34217 184 11791
83197 18388 76196
1255 3 1129
55119 315 50618
52058 304 32666
74163 740 62013
60096 1844 40860
74185 386 15246
71405 43242 47032
86687 22937 23736
14901 54 7573
98409 14927 14795
10057 3528 6912
78554 381 26784
35104 182 19412
93507 890 58282
1597 9 1252
28559 27 16171
15618 73 12696
72517 154 6250
31299 197 18213
37411 215 2112
26369 22462 3854
62818 380 19085
7932 4 2273
46116 155 15494
80321 173 9110
40944 386 21245
21809 5805 11998
16813 12120 7812
63081 214 6815
59073 41375 46648
9244 4 4542
46091 52 1442
81539 721 58816
25837 109 15294
26274 204 7963
61577 34 16461
31911 193 4349
69417 15 6701
18434 173 6128
90635 21 32668
3416 6 3051
47442 331 17606
83760 516 20383
83286 122 82762
36007 14 32294
62470 89 45898
40917 20920 34925
24326 169 15487
138 2 51
13590 18 11644
88417 61705 59611
52476 473 35348
83101 176 82830
4066 27 2156
59221 324 14886
51342 120 48615
46017 39259 9847
83152 456 36891
32698 7088 26064
96333 248 85998
90376 221 7113
11617 90 6854
6264 56 3634
20238 150 8405
86869 67964 13692
41073 110 32628
86051 423 65723
37117 357 28677
49464 481 47510
55492 109 18255
15026 87 10869
6168 52 4870
65445 155 45571
59304 358 16561
99058 420 10753
27731 55 10385
80457 271 3578
80770 576 45713
23449 37 18669
56295 191 48774
29883 31 29176
93989 828 69939
69804 69479 24342
65445 423 10771
81795 77389 48924
10031 4919 3640
8253 4556 2224
40297 38107 39860
79275 440 44045
80629 336 5594
80194 277 34551
12584 7714 6852
48007 333 32196
68258 331 37972
42655 392 40905
22069 2118 14922
56331 9 15232
50806 357 13909
30137 28 81
85312 145 12816
952 2 418
6156 3745 3482
7264 29 3751
55219 228 41081
37216 32 20522
31068 134 9104
81170 533 72836
45752 437 35951
75038 26 32116
39656 120 2790
29110 208 9901
98320 744 80379
1804 16 1172
72669 645 15438
26550 253 17349
76866 456 42756
75486 65 40217
34725 7 4249
52898 466 1902
8235 26 414
77724 65727 20706
49549 28287 42202
5797 43 1998
26160 2509 18671
49828 43323 2296
25123 8 2790
18959 3406 12467
65856 209 41204
9888 42 3867
71501 50757 50260
26743 93 5568
34769 204 15226
75316 185 2106
40955 97 13751
61893 490 45846
10301 1713 7974
9031 5517 747
65535 652 3523
31777 9146 21513
26851 79 19003
99043 395 31985
98771 722 57713
4626 45 4047
47583 38761 3403
65228 58 46086
92697 56035 19756
58485 461 12220
22001 7649 4635
92420 858 90815
86785 55 67392
95742 816 80745
69206 39 28169
89291 463 47551
96301 78 77881
98293 751 93692
99503 911 22758
25202 14213 13382
86351 365 15038
23707 40 15509
74345 718 28624
54249 163 18293
30055 94 1238
44100 380 15261
32192 8436 11830
39175 26322 8250
68485 467 34867
48481 268 7254
4197 24 2003
96997 109 59146
62635 519 56634
74424 29484 52319
40180 104 23899
67840 116 19663
85961 8 23660
51072 385 1450
30419 72 16599
19950 65 5476
60441 166 8054
79850 59850 49014
11426 1842 483
95492 551 92976
80725 222 20921
23437 90 7459
43315 355 8571
79720 29010 39428
39852 24651 2366
61468 373 31729
30354 66 11419
42463 77 18725
40934 225 25957
96836 729 61092
60533 47540 1782
65767 89 6749
35948 218 4905
66600 7790 2108
98161 434 51164
11189 54 5381
46367 68 16363
80091 331 7874
16972 22 8864
36718 74 4925
64544 323 5084
2354 18 888
98998 7 75238
34442 1130 34442
34561 6114 29537
25119 188 17756
6385 8 3232
7343 7037 163
91410 765 67640
83826 378 59163
48332 20421 6994
83115 21423 76540
2974 14 1563
47551 19163 41883
88359 18 19020
49403 38009 45415
44685 277 38985
55864 183 26366
17793 17 7912
93309 2908 76858
1567 13 375
84724 298 52966
7990 5876 22
4930 24 3939
81477 325 42351
38923 20364 16138
75149 167 73881
4208 16 2882
33114 88 24081
75772 177 70034
32626 116 23176
74623 183 73481
7880 49 5569
57389 550 36620
73812 62 68441
97352 36045 59751
48071 18433 10565
16802 65 8982
33472 20956 32582
63341 351 40231
94558 324 91895
31452 237 20653
17500 42 11780
98944 170 72421
48453 485 47502
76174 39209 43185
97203 452 44077
46500 28702 38863
75179 162 14949
53084 52 53018
29770 24926 22508
59172 372 8287
80995 28869 78675
75818 218 72479
2761 979 1233
44317 38330 6040
86397 240 29873
92404 517 63475
86472 78544 20169
57923 6744 40573
41801 37959 4036
65395 47 35802
39619 81 3751
7124 6 4550
77339 341 40915
14288 7531 2902
15058 93 24
39976 390 35564
61565 54 6812
52229 439 34327
27648 49 2247
59730 40830 13409
17823 171 1397
39056 169 4865
58255 473 7149
87482 763 7610
98150 361 13657
18024 147 1713
9151 59 9150
14862 131 4386
65754 257 64862
27253 128 6807
45559 437 36834
85871 677 44030
13048 35 12167
20973 127 5053
34891 214 11524
6114 36 5518
728 4 110
80914 634 4162
11223 25 4458
33556 18 7667
6406 16 1723
23247 29 3589
91164 135 86955
994 5 426
37024 19953 13747
25056 31 17012
1432 9 1335
866 4 527
83167 440 66055
37320 305 20845
58140 315 25198
3407 19 2299
77681 744 22196
20078 12279 6474
14532 6198 5084
25371 101 14405
78781 441 77307
66162 579 4234
940 142 475
28325 2688 13619
28841 62 2924
41211 89 37969
12494 124 10320
80191 601 10003
55366 44331 24097
48669 236 47907
96846 921 77170
13692 31 4641
9216 2114 7404
13388 91 7714
42420 14072 23282
16131 52 14796
60089 533 5230
5391 2395 1727
31484 121 11422
76374 759 23359
73097 589 51923
40738 170 6977
51286 101 12422
40837 149 33970
99425 5237 58086
15973 76 1319
48016 25 13683
7390 71 3830
86945 51043 61386
57501 396 14110
19015 164 2196
27270 71 4620
22509 47 2787
8416 44 5212
91867 665 75097
52952 495 35805
95878 59745 6813
6626 49 1354
45892 334 35930
55719 205 19127
43600 36033 33929
72691 169 65480
58498 15098 25619
81274 538 68671
71180 68419 40166
36818 269 19165
14377 32 8822
85908 72006 62016
70772 664 15466
94923 482 20750
35520 285 35124
15006 8565 1273
38957 247 32701
44088 25915 35481
48798 434 19144
29637 19 12157
15393 95 3940
27451 26932 10396
67973 476 34990
4371 31 3045
47777 20 31754
75461 380 47264
22696 21246 5307
43738 40 24138
64924 559 19249
11549 5289 8490
24925 193 11274
99599 177 40731
71327 96 22291
49139 143 33636
41662 198 29834
47757 335 3610
22294 3 7393
61126 474 43735
18885 134 2526
455 5 397
41664 368 14547
79715 199 60026
79655 784 62122
32325 246 30301
85413 379 45606
59286 39876 6928
82902 17963 71158
52168 33692 21092
10935 3329 10844
35293 4170 23585
38396 284 16050
43080 240 14686
83266 826 48563
25256 37 17941
83962 34913 69919
64455 573 44731
4012 19 747
89784 38016 81817
73796 46 28558
32180 68 1171
6880 11 5074
3034 8 156
72775 681 2606
74919 657 12413
26267 226 20055
33181 110 9408
90328 104 79702
69877 24 51145
60516 180 59931
81629 384 7014
22653 73 17167
12734 5606 12297
54084 28 38863
18160 7863 9063
43216 287 2559
47364 84 22201
36 1 12
58311 230 52586
5146 3 2276
20262 193 4673
76040 67 19165
13776 55 291
13299 46 4786
86574 94 20255
81635 8808 57740
64678 494 17296
6743 34 4652
24507 4526 5656
63957 84 36022
57948 125 55520
70794 37678 10653
44615 28141 43985
14970 42 3898
33854 92 27684
99426 475 12879
52954 147 22409
73618 353 919
10765 37 8654
53816 389 31729
19201 2 10960
83491 263 46137
60224 181 34815
99145 974 67870
61852 575 36936
92078 136 39558
37762 6 27370
71901 61 46587
24225 221 8748
48444 193 19201
15891 13089 6341
4561 21 2678
66112 545 29742
89896 77776 54609
15901 13179 382
7759 48 7135
64724 187 2272
33944 23668 7746
63381 460 41255
92243 246 40405
60810 87 48446
95032 599 12387
28921 157 7388
93560 505 2235
5550 14 3678
14068 138 3605
35686 279 22310
9932 67 8583
90580 167 19312
41856 37848 5218
98737 68864 75950
89630 476 6892
42812 47 16395
17375 119 4916
64994 332 63479
5997 10 1935
4018 23 1772
93484 208 62055
383 1 249
13764 41 2689
19921 4023 14424