500
54787 50580 16437
20217 14591 1682
97757 809 94103
6412 19 1284
16779 1 5886
24149 10687 2747
40211 162 5113
51999 370 45868
41373 25 4297
63667 77 39527
87944 36169 86727
35264 140 32529
2100 8 618
52062 250 33030
67154 669 64841
19839 144 3864
93132 519 51852
86040 818 18461
22399 14 9437
8242 7245 2739
50913 67 43290
99567 17096 25372
43128 216 29367
68479 156 46675
73360 521 58970
34792 26112 9385
64540 218 61677
83520 678 78941
86710 603 79358
50476 4408 5281
9973 87 2106
33399 196 31336
35520 25679 2543
63998 473 14867
15901 142 12146
51864 178 6894
60294 555 34744
39168 314 26948
79710 44 53561
40324 143 5472
3921 27 2314
6527 34 6195
98780 282 62705
57982 148 51527
27473 17164 20195
63866 73 5937
15702 133 9885
46706 321 17586
80480 616 56214
85584 196 84450
33849 132 25715
65489 489 17525
17728 8 4340
89003 106 45048
1876 1 1203
84583 517 10601
9887 62 9036
84410 446 14014
85151 39402 262
58063 84 4745
29244 207 18698
90540 644 81070
51632 403 33201
9028 27 8208
65044 608 18078
3051 21 2771
78695 4804 76895
49908 128 40348
76264 653 5121
51939 429 32736
43893 42018 42931
19253 77 18154
88800 688 30437
11520 2217 3275
74096 601 3509
68828 205 32294
97989 3527 24336
94766 32 53562
31916 28178 14249
40219 233 3703
97279 389 5122
68061 159 36857
23323 23057 18959
44212 420 20571
9734 42 2028
89826 41626 2466
28989 227 21637
84311 384 76446
30447 29 13306
28663 211 21510
94710 34153 42810
70332 345 34988
75752 52890 44196
47109 406 7024
61488 383 31393
91962 20994 65585
6911 64 1786
96297 20627 37502
28292 56 16876
92547 396 88268
57126 42 2138
57347 26512 53805
54539 27974 27331
41709 346 23290
29255 16255 12900
57316 148 12995
29722 254 4024
362 34 175
58440 43006 20391
24216 106 15019
46925 289 26647
3556 384 1152
79859 73 78206
74768 617 41962
93172 2034 26929
39055 5383 31159
99382 736 36786
18689 2422 12296
70741 487 14903
27273 21 7836
69739 40663 36192
5615 24 384
97366 739 21341
68969 63054 67339
83623 343 73821
22551 65 1040
98014 664 10834
11204 80 7447
21260 51 1469
99200 24148 8635
52278 64 2724
87389 816 764
80226 648 53096
65729 21553 38050
90706 66404 49668
39697 18 7007
99027 613 12965
66353 572 27348
3857 34 2211
58176 217 23039
70326 654 46081
77766 412 38444
2663 1863 1830
5877 50 4897
49349 311 45400
71809 356 15457
64569 222 662
82344 330 75268
46936 28114 13125
79547 304 56638
69376 33024 55501
78643 150 18078
729 4 130
42903 14541 9416
74334 61853 13936
20299 27 542
3811 4 3195
67478 605 20345
43754 161 23615
27277 98 12430
17837 87 13728
94815 679 55925
98605 116 35831
43917 5713 24417
254 48 137
72576 362 8802
6552 2417 3519
48180 13168 43594
56602 237 45115
76808 37620 55810
71009 410 52343
43401 4640 21181
67467 274 1408
32677 7762 31821
42400 399 41320
17296 170 3427
93533 570 5181
71653 43136 55
55523 37468 24779
9933 5 7279
13355 75 11348
82082 14848 54125
81647 383 54537
47253 42 15208
34907 61 22728
91921 67 40179
19007 127 9451
25449 27 20210
62772 442 58425
34551 28098 32513
30158 52 29824
41249 23 5574
49245 600 46977
34328 323 6633
85462 848 16144
99319 298 14935
23219 197 14197
9506 90 1662
70656 47346 14405
66239 210 18058
7651 5532 4208
79158 643 14342
45322 22 31592
32164 124 3925
13511 77 9251
43842 372 27136
73883 3413 9884
4370 41 3273
17622 154 5744
82121 61746 18556
3683 29 985
60600 23637 15101
18132 3074 1654
3109 23 1973
44614 373 27567
6426 43 3588
94642 614 15047
84782 141 77796
76548 9054 5817
65729 216 10070
40663 343 38605
69715 474 6525
10988 28 832
95174 80 28314
83591 836 75974
68922 6380 31481
25114 96 4000
69229 546 23598
1785 18 778
93979 315 38228
16241 9946 907
86206 414 83392
55874 474 26426
29804 233 12273
89241 449 35327
71807 671 7151
89836 50951 18750
6392 60 1923
75564 353 22613
73520 280 42536
12007 3174 8518
25663 10 24794
83222 420 11598
11040 9291 8662
25798 87 19197
81672 17643 33298
16139 110 9889
61503 7806 19968
59709 41305 10280
9918 5958 1736
15542 10 750
81541 25175 3532
6216 20 3923
68731 27198 25420
31803 316 10024
71963 378 59007
98914 148 60556
64432 542 63886
78316 384 63322
73612 387 37284
30291 215 26507
51974 92 35193
88134 472 18128
75801 516 2454
68454 81 7390
79631 15655 63133
48330 344 36154
58259 418 14950
75626 705 62045
76418 45 14444
51576 32822 25890
20038 156 19922
22055 94 11093
27190 263 20380
14007 76 11203
76664 179 23177
12845 38 9223
12160 46 8791
34668 18597 8695
62694 207 20942
34509 119 32970
42968 10027 12758
93757 869 51139
23136 54 16666
95257 64 77657
44059 74 43590
77624 529 29120
36550 100 9166
35952 191 34021
51410 155 5806
29360 121 209
34723 164 3314
41957 7681 21368
53234 368 18358
37973 349 247
1190 966 688
45979 95 24187
45456 223 25173
36552 11937 34
83299 54022 45765
94851 412 61279
81014 56415 79561
31346 143 13622
69827 35 8727
27923 27046 6640
95668 46756 41158
87676 521 2216
16642 8 14062
32632 290 21903
81204 161 77238
96894 85294 45626
83387 39251 5832
65414 208 60139
12019 6016 6156
57256 51 10464
34439 147 4259
54364 386 42797
14070 14065 6939
83977 760 26423
39663 24 5438
46667 169 39682
61975 29 29867
17261 20 16906
52276 187 7128
32774 284 2353
59499 414 17138
27307 12047 16149
17286 55 11679
22933 186 4889
36182 196 21826
65383 51895 36415
11853 16 9371
74253 631 14850
24689 57 18092
51330 137 30374
47515 28420 43003
32317 309 11825
92198 145 27035
83735 73 31424
47744 114 17958
88240 606 50966
2090 1617 887
8089 747 7482
10346 67 4840
59153 16761 56958
50224 17673 9966
33776 23014 27370
81568 255 15006
14794 110 6855
70794 296 41613
58736 134 26390
39609 116 4326
74216 58 39711
26322 253 14049
19984 125 7684
74395 72035 17652
51044 49515 14377
96362 860 76148
49054 170 8428
81511 229 36175
96488 156 31828
9795 2993 3530
40329 366 13055
76731 56948 37103
5228 29 2502
87332 76118 75320
2379 2211 1505
14033 10380 13428
26598 101 23446
34819 122 7809
72488 696 49818
61998 18 36759
67590 25371 44732
60918 330 48851
85458 626 64201
73581 680 6783
58097 33939 26118
13085 112 5839
29258 16211 14825
21459 139 8246
96622 39372 65984
73918 494 50615
73421 159 23429
39621 252 12038
62654 86 10800
89393 355 8575
40960 321 18646
17231 4483 1567
81947 163 4551
94217 77 71789
16667 3466 15200
69982 649 56806
72193 44116 31364
64480 397 53923
23130 201 6382
44151 26425 18795
69248 384 48800
8169 17 4932
86144 37 59845
95120 94614 47211
85240 111 36635
48986 25432 23937
20392 150 15352
72408 260 37979
8218 67 7192
96291 960 72184
25702 61 3972
99522 764 29523
71798 32432 8022
9733 5805 3525
31846 150 25113
46127 288 4118
2474 2064 1080
1602 1 1073
4980 5 1014
40755 355 28170
74442 402 48735
13745 18 9415
43080 38049 8854
88776 60 15980
95171 218 20969
85680 605 24887
72672 5309 6914
857 2 43
32795 220 14399
69977 7194 55609
48254 408 10893
65888 7 56360
67625 549 26523
91879 871 9999
48417 248 3820
72967 64656 16568
10763 105 8683
79791 205 10588
31685 4656 12641
12883 8812 6450
23100 22063 4141
61046 526 50780
28681 9659 25254
51333 237 13812
25188 236 5245
20944 32 3271
81244 763 68462
10067 23 5724
30462 142 24407
82986 520 71334
82739 793 46168
65285 566 50036
48716 146 39377
13546 6479 5870
25934 120 6638
76801 396 47387
45191 7745 36247
64667 380 42275
39754 39465 14075
64203 77 37920
21877 7991 18543
81927 741 81434
87725 703 45332
17631 7813 12431
96786 214 46091
47965 386 44132
53160 161 32415
70252 20 43167
78487 37 33263
28714 144 2747
40609 354 17477
21365 2432 15940
35787 155 18427
41002 49 17079
11651 15 2237
41772 51 38009
69542 666 36463
12255 72 1547
18880 6207 7434
83489 26 46117
72382 559 30355
52534 475 4049
96852 685 27572
43676 29060 34697
4742 14 2808
44925 21582 27413
24975 18808 19499
89399 610 33794
14369 134 13393
40103 127 33904
92300 303 28331
90563 488 46085
81974 329 15603
9269 61 491
86000 84567 65025
29434 46 4574
38881 132 30013
83009 785 70276
73067 199 43488
67210 12740 22187
1408 12 1312
96372 71826 38593
26112 197 24836
98535 68933 26833